339
80
338
337
336
55
299
562
279
901
235
705
22
317
146
1100
340
707
174
122
328
272
136
151
274
234
313
156
224
226
333
258
270
194
250
161
132
73
535
294
342
544
199
508
74
310
207
703
537
536
204
526
518
244
802
181
550
77
135
551
702
5
260
24
1012
281
517
287
542
213
521
121
93
142
170
82
75
902
273
972
95
330
147
175
87
7
8
507
152
711
3
114
190
955
157
304
129
314
92
102
195
502
708
1101
39
1007
538
2
345
133
200
709
803
903
905
1006
954
85
16
701
962
205
209
970
229
303
500
283
503
327
113
261
264
257
347
1
128
210
978
239
166
48
552
541
245
143
81
967
265
171
140
979
975
323
214
300
325
906
148
331
101
176
186
94
153
291
556
256
191
236
206
40
208
196
527
308
292
231
201
14
804
343
329
225
312
963
326
32
539
288
216
255
900
218
973
962
70
162
56
64
104
971
297
958
167
46
275
137
522
554
227
144
76
62
233
311
172
334
959
182
520
83
149
557
271
177
91
277
63
187
103
519
309
534
980
96
192
89
344
322
341
510
197
530
296
141
966
220
263
801
262
98
99
47
1013
246
952
511
964
1003
315
282
523
532
158
565
957
54
953
163
981
718
1008
242
545
78
168
240
319
553
138
960
178
145
253
284
173
968
600
183
712
139
720
267
1001
501
716
188
1000
1005
1009
109
800
222
193
1011
515
286
223
243
506
301
335
1002
241
504
79
278
97
528
237
134
84
974
154
965
298
217
512
86
293
159
108
72
130
30
69
714
601
219
969
164
564
543
285
320
202
252
169
306
529
704
280
276
100
713
112
951
179
555
509
700
268
4
332
961
184
307
717
1010
321
212
249
302
65
561
295
189
230
123
706
266
560
524
956
516
904
120
559
254
238
88
106
1050
505
289
906
150
558
105
324
719
269
248
155
228
514
700
540
950
160
232
221
38
1014
710
251
198
165
215
316
346
976
531
305
131
90
203
1004
525
15
513
563
180
290
715
247
185
259
533
977
107
6
211
318
